# Captured betterleaks file-work weights, 2026-07-10.
# Format: patch_bytes added_bytes
# Source patch SHA-256: f3309c9ae0c9c807626d39d276f3f6068282d3a86707570a7f8bfd4fbeea9575
# First emitted commit: 9d3938f6d5b36e3a2c3424e4cf84af590856722b
# Exact --all ref snapshot and capture-time Git version were not retained.
# Data rows SHA-256: 25a1ee97655ef110fc7c33356a6ba887850673f8bf1ad137948915c52919bbd1
5137 3002
1074 698
2696 1885
1817 1530
3389 2528
1320 1066
4895 3660
2277 1747
2244 1662
1466 418
1116 847
2965 831
798 329
287 101
1050 221
271 127
785 607
1065 889
4923 4767
6242 5997
1804 1538
5904 5562
1269 1017
1885 1602
2769 2513
3528 3227
1335 1074
677 261
2108 1554
681 97
3214 1374
1021 776
1114 207
6259 5611
916 321
5532 5166
8676 8146
3594 3313
10885 10047
3429 3181
2929 2642
346 147
401 173
373 163
625 169
64325 62828
2096 828
3253 2025
266 26
998 202
712 157
2117 455
7308 5032
7339 6582
375 175
686 0
1280 286
5015 3049
989 324
11019 9532
2448 1100
269 129
1416 0
3491 1132
1373 873
969 43
3679 2629
4673 2342
4318 3725
2679 1400
1674 220
2347 2123
4730 4428
6050 5710
8969 8510
5938 5430
702 96
939 302
1558 664
3065 1438
2192 768
2381 1556
475 23
3673 3427
2257 966
20924 17177
1934 734
1002 170
1643 835
1454 496
2138 1629
2564 1056
1025 475
3932 3670
2395 1475
526 221
9950 5597
10550 6700
1132 46
2940 2665
745 495
99118 95810
1610 25
5068 2391
7502 6835
1484 444
774 382
16664 15914
7272 6902
2078 832
1512 397
948 376
585 96
3673 3427
2257 966
21365 17177
2347 2123
4730 4428
6050 5710
8969 8510
6919 5430
2381 1556
549 23
2541 1554
1116 847
2211 831
2381 1629
1643 835
1904 496
526 221
9950 5597
10680 6700
271 127
785 607
1065 889
4923 4767
6242 5997
1804 1538
5904 5562
1269 1017
1885 1602
2769 2513
3528 3227
1335 1074
806 261
5532 5166
8676 8146
3594 3313
10885 10047
3429 3181
2929 2642
346 147
401 173
373 163
846 169
5015 3049
989 324
11575 9532
2940 2665
745 495
100209 95810
5068 2391
7821 6835
1320 1066
4552 3660
1817 1530
3459 2528
6707 5611
4673 2342
4700 3725
7179 6582
64683 62828
3919 2629
798 329
287 101
890 221
838 148
375 175
1336 0
2277 1747
2644 1662
1021 776
890 207
774 382
16664 15914
7272 6902
2201 832
3125 1438
3932 3670
2015 1475
2679 1400
1267 220
1348 768
1507 418
266 26
998 202
712 157
1847 455
4986 2994
2787 1374
1160 286
2854 2025
939 302
1491 664
799 321
2526 1100
269 129
2271 0
6826 5032
495 11
1074 698
2385 1885
784 170
899 475
966 266
1899 734
2561 1056
2018 828
548 46
524 25
1412 444
3216 595
1311 309
3216 1722
1040 375
3430 2803
1963 361
2084 828
3510 1132
1512 397
1012 376
3571 2363
1172 561
1496 863
3475 2982
314 33
1188 33
314 33
1194 33
697 200
858 200
2602 1551
1697 433
2602 1551
1624 433
454 211
11057 7069
7559 7169
775 554
11885 11311
6933 6510
1030 330
454 211
11057 7069
7559 7169
775 554
11885 11311
6933 6510
927 330
689 159
15495 7292
689 159
15848 7292
8234 7469
8515 7666
8234 7469
8242 7666
13704 13070
247 65
797 309
13704 13070
247 65
811 309
435 145
1385 622
435 145
1823 622
4015 1768
4672 2252
1947 650
276 38
957 233
503 104
1660 524
1146 266
5148 1623
843 217
1535 439
1305 344
365 52
357 49
986 283
915 265
624 177
830 196
1161 452
707 162
1242 403
744 189
594 127
638 132
801 203
921 218
350 52
690 156
755 173
856 211
723 165
782 203
836 228
2546 1021
708 147
1238 503
685 157
915 243
753 187
355 52
677 155
1046 393
3155 1371
538 104
515 104
866 248
350 52
345 52
360 52
508 104
751 179
365 52
768 189
896 208
679 156
943 246
2129 664
1190 372
570 145
2567 987
658 172
1827 659
6623 2604
10664 4574
658 138
1143 436
355 52
716 189
854 231
671 146
521 104
749 200
347 52
706 157
1698 448
710 166
694 151
705 162
368 52
770 189
538 127
756 200
671 157
698 160
860 298
694 167
1285 395
837 225
662 128
360 52
345 52
690 156
672 156
1922 714
345 52
571 156
351 52
386 52
345 52
682 162
365 52
404 66
1506 471
910 255
1078 278
1408 401
522 104
954 265
715 160
363 52
506 104
846 208
1701 492
370 52
506 104
370 52
473 101
1527 456
756 188
684 162
672 156
5175 1709
2027 638
330 52
869 236
888 168
1613 527
833 242
66225 24480
6846 2006
4221 1902
2538 1098
5211 1752
3073 951
225 0
842 304
17511 9082
2273 899
320 21
950 206
2405 1366
9076 3411
712 73
2428 348
2504 510
4064 1117
3074 825
578 346
964 708
854 620
5811 1064
3753 3382
2973 930
2742 632
419 201
4236 3880
543 313
1211 225
2462 374
7515 7056
595 367
669 425
1439 428
7336 6853
2505 2213
4433 4078
12611 11949
4810 2029
1971 1723
1915 594
2561 1109
2446 2191
1826 710
400 62
344 42
805 184
543 79
311 50
1090 56
4015 1768
4672 2252
1947 650
276 38
957 233
503 104
1660 524
1146 266
5148 1623
843 217
1535 439
1305 344
365 52
357 49
986 283
915 265
624 177
830 196
1161 452
707 162
1242 403
744 189
594 127
638 132
801 203
921 218
350 52
690 156
755 173
856 211
723 165
782 203
836 228
2546 1021
708 147
1238 503
685 157
915 243
753 187
355 52
677 155
1046 393
3155 1371
538 104
515 104
866 248
350 52
345 52
360 52
508 104
751 179
365 52
768 189
896 208
679 156
943 246
2129 664
1190 372
570 145
2567 987
658 172
1827 659
6623 2604
10664 4574
658 138
1143 436
355 52
716 189
854 231
671 146
521 104
749 200
347 52
706 157
1698 448
710 166
694 151
705 162
368 52
770 189
538 127
756 200
671 157
698 160
860 298
694 167
1285 395
837 225
662 128
360 52
345 52
690 156
672 156
1922 714
345 52
571 156
351 52
386 52
345 52
682 162
365 52
404 66
1506 471
910 255
1078 278
1408 401
522 104
954 265
715 160
363 52
506 104
846 208
1701 492
370 52
506 104
370 52
473 101
1527 456
756 188
684 162
672 156
5175 1709
2027 638
330 52
869 236
888 168
1613 527
833 242
66225 24480
6846 2006
4221 1902
2538 1098
5211 1752
3073 951
225 0
842 304
17511 9082
2273 899
320 21
950 206
2405 1366
9076 3411
712 73
2428 348
2504 510
4064 1117
3074 825
578 346
964 708
854 620
5811 1064
3753 3382
2973 930
2742 632
419 201
4236 3880
543 313
1211 225
2462 374
7515 7056
595 367
669 425
1439 428
7336 6853
2505 2213
4433 4078
12611 11949
4810 2029
1971 1723
1915 594
2561 1109
2446 2191
1826 710
400 62
344 42
805 184
543 79
311 50
656 56
403 111
4473 1791
403 111
4389 1791
336 68
1678 1440
1674 1428
1656 1419
4645 4070
336 68
1678 1440
1674 1428
1656 1419
4653 4070
1503 440
1886 584
2991 1396
1314 936
2347 2000
1050 292
1503 440
1886 584
2991 1396
1314 936
2347 2000
1028 292
1449 1069
1527 1069
760 348
1849 1317
1373 935
760 348
1849 1317
1416 935
351 36
492 168
568 213
1350 585
923 451
322 32
856 165
417 87
2074 362
351 36
492 168
568 213
1350 585
923 451
322 32
856 165
417 87
2051 362
1089 540
325 26
412 52
274 26
1140 918
299 26
279 26
715 164
297 26
1016 780
295 26
616 147
2259 1364
1257 1017
299 26
994 773
3010 2749
1364 1127
1513 1263
305 26
1084 340
3892 895
313 30
297 26
415 52
295 26
423 142
402 52
586 135
474 56
402 78
697 414
2794 1093
279 26
1376 1136
300 26
1302 1055
440 52
1314 1085
309 26
1305 1058
1247 1017
1321 1079
294 26
297 26
308 28
309 26
294 26
319 26
289 26
307 34
315 26
322 26
323 30
304 26
308 26
417 52
309 26
294 26
294 26
821 156
439 52
759 542
31608 24414
1089 540
325 26
412 52
274 26
1140 918
299 26
279 26
715 164
297 26
1016 780
295 26
616 147
2259 1364
1257 1017
299 26
994 773
3010 2749
1364 1127
1513 1263
305 26
1084 340
3892 895
313 30
297 26
415 52
295 26
423 142
402 52
586 135
474 56
402 78
697 414
2794 1093
279 26
1376 1136
300 26
1302 1055
440 52
1314 1085
309 26
1305 1058
1247 1017
1321 1079
294 26
297 26
308 28
309 26
294 26
319 26
289 26
307 34
315 26
322 26
323 30
304 26
308 26
417 52
309 26
294 26
294 26
821 156
439 52
759 542
31655 24414
326 88
1403 1164
1552 760
2240 1969
4899 4263
2072 1473
326 88
1403 1164
1552 760
2240 1969
4899 4263
2048 1473
732 359
7539 6244
2138 1446
1625 1377
3063 2765
1646 1382
14094 12898
688 274
926 582
850 486
1544 1178
660 335
931 211
732 359
7539 6244
2138 1446
1625 1377
3063 2765
1646 1382
14094 12898
688 274
926 582
850 486
1544 1178
660 335
918 211
623 172
812 111
488 53
457 53
2379 1703
2127 974
1495 1256
1452 1212
2581 2316
543 53
505 53
11547 7057
623 172
812 111
488 53
457 53
2379 1703
2127 974
1495 1256
1452 1212
2581 2316
543 53
505 53
12547 7057
2659 1273
5915 2995
2519 1034
2659 1273
5915 2995
1432 1034
535 203
3611 3306
2020 1626
1995 1733
1920 1663
1863 1607
10784 9911
535 203
3611 3306
2020 1626
1995 1733
1920 1663
1863 1607
10787 9911
304 98
3606 3301
3709 3235
304 98
3606 3301
3720 3235
1077 251
1182 251
2791 635
10166 4145
1761 652
1046 163
3674 790
1065 106
3791 181
2791 635
10166 4145
1761 652
1046 163
3674 790
1065 106
4487 181
1208 656
2721 1409
1208 656
2721 1409
402 97
646 489
1699 425
402 97
646 489
1175 425
764 90
1065 90
1565 222
1409 222
1269 245
1648 245
576 136
932 265
928 325
2637 1234
1942 1701
561 183
1139 346
1533 440
2642 1425
576 136
932 265
928 325
2637 1234
1942 1701
561 183
1139 346
1533 440
2017 1425
477 178
788 84
477 178
619 84
260 56
349 21
260 56
319 21
600 142
3555 539
441 110
554 100
600 142
3555 539
441 110
552 100
231 29
1618 1361
1777 1356
231 29
1618 1361
2227 1356
255 50
660 136
962 157
255 50
660 136
600 157
780 426
4335 4056
2988 2659
1428 1211
35657 34290
15274 14380
780 426
4335 4056
2988 2659
1428 1211
35657 34290
15299 14380
358 73
4141 3318
2743 2481
337 121
8814 8318
6007 5615
761 141
358 73
4141 3318
2743 2481
337 121
8814 8318
6007 5615
628 141
139 0
286 0
139 0
333 0
5723 5207
5849 5207
1498 499
1481 499
1232 565
5219 4933
4192 3677
1426 1204
503 152
52983 51169
23782 22627
1232 565
5219 4933
4192 3677
1426 1204
503 152
52983 51169
23648 22627
806 166
863 166
19311 8060
2937 2625
628 355
1607 893
787 468
3112 1457
906 681
926 661
529 276
927 500
726 465
1515 1259
2396 2118
326 0
5229 717
19311 8060
2937 2625
628 355
1607 893
787 468
3112 1457
906 681
926 661
529 276
927 500
726 465
1515 1259
2396 2118
326 0
5273 717
575 89
597 89
1033 760
1459 614
2146 670
1033 760
1459 614
2116 670
553 180
1330 1097
1491 1247
2381 2104
1371 1120
1532 1289
1407 1161
1370 1128
9793 9145
379 82
2154 894
553 180
1330 1097
1491 1247
2381 2104
1371 1120
1532 1289
1407 1161
1370 1128
9793 9145
379 82
2093 894
908 537
877 537
2021 734
2004 734
2536 1517
1548 652
2536 1517
1562 652
403 153
351 136
366 136
482 242
346 136
335 56
278 107
362 106
8226 160
2133 0
9040 95
1962 0
7487 7061
18384 17589
7671 7115
403 153
351 136
366 136
482 242
346 136
335 56
278 107
362 106
8226 160
2133 0
9040 95
1962 0
7487 7061
18384 17589
7773 7115
1944 748
1965 748
339 54
249 54
408 110
243 53
387 53
189 0
181 0
169 0
189 0
430 53
173 0
173 0
193 0
213 0
173 0
173 0
153 0
145 0
157 0
161 0
137 0
153 0
173 0
173 0
193 0
137 0
157 0
149 0
351 54
153 0
141 0
161 0
137 0
153 0
251 53
261 58
386 112
568 53
339 54
249 54
408 110
243 53
387 53
189 0
181 0
169 0
189 0
430 53
173 0
173 0
193 0
213 0
173 0
173 0
153 0
145 0
157 0
161 0
137 0
153 0
173 0
173 0
193 0
137 0
157 0
149 0
351 54
153 0
141 0
161 0
137 0
153 0
251 53
261 58
386 112
442 53
412 87
649 87
8229 2324
4407 1638
926 0
605 94
547 94
559 94
599 94
333 47
375 47
370 47
1121 242
402 47
372 47
392 47
364 47
770 141
374 47
1639 444
372 47
382 47
323 47
372 47
589 94
563 94
364 47
358 47
376 47
545 94
333 47
458 94
368 47
696 141
376 47
392 47
1089 280
374 47
2486 884
4038 116
2451 2149
319 47
1698 399
3289 752
758 141
323 47
348 47
378 47
569 94
946 153
362 47
619 94
392 47
388 47
500 94
1122 239
555 94
567 94
384 47
358 47
366 47
1615 486
358 47
340 47
786 153
319 47
412 47
368 47
313 47
358 47
333 47
392 47
726 141
396 47
545 94
944 188
770 141
458 94
370 47
364 47
386 47
374 47
368 47
358 47
378 47
386 47
386 47
386 47
398 47
732 141
830 141
374 47
963 188
2051 470
388 47
549 94
338 47
2001 37
380 47
573 94
384 47
358 47
1337 282
603 94
298 47
725 0
7228 2564
2319 919
3140 974
3874 1993
8229 2324
4407 1638
926 0
605 94
547 94
559 94
599 94
333 47
375 47
370 47
1121 242
402 47
372 47
392 47
364 47
770 141
374 47
1639 444
372 47
382 47
323 47
372 47
589 94
563 94
364 47
358 47
376 47
545 94
333 47
458 94
368 47
696 141
376 47
392 47
1089 280
374 47
2486 884
4038 116
2451 2149
319 47
1698 399
3289 752
758 141
323 47
348 47
378 47
569 94
946 153
362 47
619 94
392 47
388 47
500 94
1122 239
555 94
567 94
384 47
358 47
366 47
1615 486
358 47
340 47
786 153
319 47
412 47
368 47
313 47
358 47
333 47
392 47
726 141
396 47
545 94
944 188
770 141
458 94
370 47
364 47
386 47
374 47
368 47
358 47
378 47
386 47
386 47
386 47
398 47
732 141
830 141
374 47
963 188
2051 470
388 47
549 94
338 47
2001 37
380 47
573 94
384 47
358 47
1337 282
603 94
298 47
725 0
7228 2564
2319 919
3140 974
3660 1993
790 229
784 229
314 33
455 33
314 33
466 33
2081 1839
766 380
2081 1839
1008 380
481 290
3452 428
1708 226
1328 1117
1019 0
4050 3810
5312 4919
7480 7100
3825 3581
536 356
28265 27269
18028 16882
481 290
3452 428
1708 226
1328 1117
1019 0
4050 3810
5312 4919
7480 7100
3825 3581
536 356
28265 27269
17764 16882
361 49
833 196
361 49
1204 196
726 291
3704 3406
603 305
1544 418
726 291
3704 3406
603 305
1247 418
1488 1276
4155 3835
1004 809
236 47
1249 830
1370 719
910 367
1488 1276
4155 3835
1004 809
236 47
1249 830
1370 719
892 367
4657 4293
5324 4937
789 296
4657 4293
5324 4937
909 296
647 421
1077 319
900 220
647 421
1077 319
961 220
3494 918
3444 918
263 59
291 68
272 34
247 12
999 368
2300 1400
304 35
1674 731
753 82
263 59
291 68
272 34
247 12
999 368
2300 1400
304 35
1674 731
569 82
756 173
757 173
1563 480
737 213
3631 1312
1904 853
373 51
448 72
360 70
347 51
345 51
385 72
349 52
315 36
463 78
345 52
488 101
468 114
327 51
316 35
534 102
323 40
634 179
417 81
344 52
515 125
337 51
457 110
365 52
416 74
363 51
352 51
359 52
1079 292
659 164
8855 3422
1058 97
548 349
2096 727
1563 480
737 213
3631 1312
1904 853
373 51
448 72
360 70
347 51
345 51
385 72
349 52
315 36
463 78
345 52
488 101
468 114
327 51
316 35
534 102
323 40
634 179
417 81
344 52
515 125
337 51
457 110
365 52
416 74
363 51
352 51
359 52
1079 292
659 164
8855 3422
1058 97
548 349
2406 727
646 406
1346 634
646 406
2475 634
655 432
5226 4931
288 19
569 346
1796 311
1976 618
6863 6441
2683 2450
502 235
1836 1072
2550 2309
2780 2511
7982 7489
8722 8212
2021 387
936 330
2468 1643
2572 2117
535 67
312 56
67397 65286
40460 39088
6153 5790
5966 4004
655 432
5226 4931
288 19
569 346
1796 311
1976 618
6863 6441
2683 2450
502 235
1836 1072
2550 2309
2780 2511
7982 7489
8722 8212
2021 387
936 330
2468 1643
2572 2117
535 67
312 56
67397 65286
40460 39088
6153 5790
4524 4004
367 89
33908 4174
637 191
612 150
789 167
7820 7392
831 266
290 49
2583 2348
2529 2289
2942 1129
401 84
263 41
360 67
1015 459
2939 335
577 277
2027 1141
263 40
6156 1873
83693 30859
11057 6324
10058 2418
876 642
9045 8612
4333 3954
471 124
19451 7149
6776 2112
8962 8571
7895 7629
159 47
355 171
561 350
5171 4831
16415 15830
1905 848
880 260
810 147
2160 754
643 92
464 252
341 34
221 0
209 0
213 0
574 106
367 89
33908 4174
637 191
612 150
789 167
7820 7392
831 266
290 49
2583 2348
2529 2289
2942 1129
401 84
263 41
360 67
1015 459
2939 335
577 277
2027 1141
263 40
6156 1873
83693 30859
11057 6324
10058 2418
876 642
9045 8612
4333 3954
471 124
19451 7149
6776 2112
8962 8571
7895 7629
159 47
355 171
561 350
5171 4831
16415 15830
1905 848
880 260
810 147
2160 754
643 92
464 252
341 34
221 0
209 0
213 0
748 106
1276 702
869 432
151 0
1012 801
877 456
293 87
4003 3700
4192 3570
1276 702
869 432
151 0
1012 801
877 456
293 87
4003 3700
4090 3570
289 35
2722 2113
289 35
2729 2113
325 119
5317 5004
4207 3693
325 119
5317 5004
4126 3693
230 28
1616 1208
230 28
1645 1208
404 24
848 24
2251 957
395 203
7614 7212
24998 9373
2855 1392
2324 1801
12928 10767
2512 2131
484 227
1137 849
405 202
312 65
2499 777
2251 957
395 203
7614 7212
24998 9373
2855 1392
2324 1801
12928 10767
2512 2131
484 227
1137 849
405 202
312 65
2107 777
422 11
638 11
431 132
1514 216
431 132
1679 216
240 38
1242 930
1997 1138
240 38
1242 930
1758 1138
514 166
733 218
996 269
287 35
7416 2511
14912 6879
1986 605
4789 1427
737 556
186 1
1742 630
1798 776
4530 1333
742 230
1277 225
514 166
733 218
996 269
287 35
7416 2511
14912 6879
1986 605
4789 1427
737 556
186 1
1742 630
1798 776
4530 1333
742 230
1049 225
301 0
283 58
813 391
612 401
503 335
2121 458
674 329
301 0
283 58
813 391
612 401
503 335
2121 458
754 329
1900 1684
4250 1410
1115 36
3226 0
1901 380
1900 1684
4250 1410
1115 36
3226 0
3792 380
3950 2083
2499 83
3950 2083
548 83
227 112
895 233
227 112
947 233
209 0
402 42
1333 1103
157 0
379 0
744 180
811720 747
404 0
209 0
402 42
1333 1103
157 0
379 0
744 180
811720 747
446 0
609 0
1634 1001
986 140
609 0
1634 1001
1032 140
722 425
1258 1015
928 717
593 374
529 351
360 152
4342 4018
5973 5347
722 425
1258 1015
928 717
593 374
529 351
360 152
4342 4018
5831 5347
264 59
3307 2998
1950 1543
264 59
3307 2998
2071 1543
283 78
660 363
1321 749
2855 2583
4808 1011
1875 981
798 527
4545 3494
9814 7955
283 78
660 363
1321 749
2855 2583
4808 1011
1875 981
798 527
4545 3494
9770 7955
995 436
3688 1488
995 436
3687 1488
506 172
1821 575
506 172
1735 575
1078 436
1180 436
678 169
794 169
1761 612
693 194
2100 1003
8882 5409
4628 4099
4909 1139
1761 612
693 194
2100 1003
8882 5409
4628 4099
4870 1139
6097 5752
6018 5635
580 323
232 30
2144 1625
345 40
2149 1645
1023 310
272 43
1829 939
2590 1459
7209 4979
1226 645
6097 5752
6018 5635
580 323
232 30
2144 1625
345 40
2149 1645
1023 310
272 43
1829 939
2590 1459
7209 4979
1227 645
1766 1582
945 411
532 134
5547 5189
12303 11843
570 259
259 71
1666 598
1766 1582
945 411
532 134
5547 5189
12303 11843
570 259
259 71
1563 598
469 45
639 45
199 0
252 33
1539 811
1415591 769879
199 0
252 33
1539 811
1415463 769879
882 373
339 56
69052 25931
882 373
339 56
68930 25931
646 450
1184 962
549 154
646 450
1184 962
541 154
451 18
453 18
512 144
1142 217
512 144
1163 217
1357 82
1870 1376
1357 82
1843 1376
2683 1088
450 38
2683 1088
498 38
836 170
5356 632
836 170
5294 632
4167 3847
266 15
4862 4546
411 112
272 42
2997 1446
2448 2046
4167 3847
266 15
4862 4546
411 112
272 42
2997 1446
2506 2046
1373 469
1324 469
1698 1460
1767 1279
2247 1803
1698 1460
1767 1279
2279 1803
606 185
838 207
606 185
822 207
515 94
567 94
1181 440
637 180
667 190
1985 818
472 111
1017 398
588 173
1658 714
586 166
472 116
505 124
471 117
749 222
617 169
446 105
466 107
440 100
452 106
720 204
693 202
467 115
488 128
593 180
1459 564
466 108
1318 537
1119 433
444 98
1111 379
962 347
409 93
430 97
1772 694
4888 1978
1368 492
388 74
424 102
600 173
1005 324
460 113
974 295
459 102
605 182
535 159
707 212
723 214
424 96
431 98
457 120
452 108
461 94
421 94
528 157
606 194
478 114
611 158
680 205
3045 1356
736 222
558 166
467 115
456 102
466 113
551 166
464 116
463 109
486 118
508 129
506 128
592 173
1973 825
2447 963
706 237
1242 424
2110 362
720 220
473 109
1011 367
702 201
482 116
434 101
1745 642
755 217
427 106
1616 1080
1181 440
637 180
667 190
1985 818
472 111
1017 398
588 173
1658 714
586 166
472 116
505 124
471 117
749 222
617 169
446 105
466 107
440 100
452 106
720 204
693 202
467 115
488 128
593 180
1459 564
466 108
1318 537
1119 433
444 98
1111 379
962 347
409 93
430 97
1772 694
4888 1978
1368 492
388 74
424 102
600 173
1005 324
460 113
974 295
459 102
605 182
535 159
707 212
723 214
424 96
431 98
457 120
452 108
461 94
421 94
528 157
606 194
478 114
611 158
680 205
3045 1356
736 222
558 166
467 115
456 102
466 113
551 166
464 116
463 109
486 118
508 129
506 128
592 173
1973 825
2447 963
706 237
1242 424
2110 362
720 220
473 109
1011 367
702 201
482 116
434 101
1745 642
755 217
427 106
1545 1080
1047 254
1088 254
305 47
8565296 568010
305 47
8565279 568010
302 64
609 187
399 23
302 64
609 187
386 23
1318 499
1310 499
7845 1328
7854 1328
586 0
449 0
852 315
586 0
449 0
840 315
1032 678
992 273
1032 678
986 273
404 74
410 74
416 12
412 12
227 25
1639 1244
227 25
1690 1244
1869 1252
1828 1252
853 206
536 72
853 206
540 72
618 211
231 26
327 52
639 264
868 382
618 211
231 26
327 52
639 264
872 382
3897 1319
3885 1319
1670 660
1667 660
885 99
894 99
11895 2055
11903 2055
630 145
708 193
302 37
524 82
373 62
354 45
1479 1092
4793 2467
1304 23
1703 831
630 145
708 193
302 37
524 82
373 62
354 45
1479 1092
4793 2467
1304 23
1683 831
1005 356
1011 356
2625 361
2438 1424
2625 361
2432 1424
744 192
394 65
255 38
301 32
267 20
500 105
629 131
335 31
1092 234
744 192
394 65
255 38
301 32
267 20
500 105
629 131
335 31
1102 234
1491 579
2349 928
1491 579
2344 928
3691 1559
7771 2237
4287 1354
3691 1559
7771 2237
4297 1354
17857 7945
17843 7945
450 66
808 166
450 66
816 166
688 386
2371 803
1135 336
1156 350
1451 66
1173 360
1148 337
2049 657
4692 1565
1107 336
2216 1092
1287 436
1174 341
1143 338
1265 318
1414 444
1241 419
1223 369
5397 2123
22095 10689
4253 188
1067 510
10312 4841
2230 737
1188 444
3419 1182
913 159
5386 1970
12593 11991
7465 6994
1807 1596
5635 5120
688 386
2371 803
1135 336
1156 350
1451 66
1173 360
1148 337
2049 657
4692 1565
1107 336
2216 1092
1287 436
1174 341
1143 338
1265 318
1414 444
1241 419
1223 369
5397 2123
22095 10689
4253 188
1067 510
10312 4841
2230 737
1188 444
3419 1182
913 159
5386 1970
12593 11991
7465 6994
1807 1596
5647 5120
862 463
847 463
298 58
363 59
529 119
298 58
363 59
533 119
1205 581
1206 581
659 181
828 149
659 181
926 149
633 93
612 93
741 62
663 62
757 215
803 215
301 110
284 95
661 363
497 99
301 110
284 95
661 363
530 99
845 437
510 155
689 319
930 527
1826 1072
546 40
845 437
510 155
689 319
930 527
1826 1072
484 40
4576 1659
3972 1939
9477 3418
588 76
4576 1659
3972 1939
9477 3418
624 76
7072 2398
772 442
961 209
568 102
578 113
620 289
800 505
512 74
414 26
1264 279
536 98
578 98
836 532
820 511
506 74
446 47
529 104
598 114
576 100
634 240
2560 923
12048 4426
268 56
1245 243
9590 2779
260 31
253 48
1958 1217
2529 1266
6209 1736
7072 2398
772 442
961 209
568 102
578 113
620 289
800 505
512 74
414 26
1264 279
536 98
578 98
836 532
820 511
506 74
446 47
529 104
598 114
576 100
634 240
2560 923
12048 4426
268 56
1245 243
9590 2779
260 31
253 48
1958 1217
2529 1266
6166 1736
904 365
1165 377
904 365
1162 377
1132 576
3125 1223
1459 498
10732 4424
2170 1599
1189 389
1132 576
3125 1223
1459 498
10732 4424
2170 1599
1190 389
1599 1208
816 517
823 526
827 527
422 54
3181 2374
788 509
958 560
821 526
745 456
990 672
838 534
870 560
261 56
8640 6805
427 103
647 401
540 345
633 143
1599 1208
816 517
823 526
827 527
422 54
3181 2374
788 509
958 560
821 526
745 456
990 672
838 534
870 560
261 56
8640 6805
427 103
647 401
540 345
647 143
498 67
481 67
957 378
842 229
957 378
851 229
344 56
862 200
227 27
478 108
371 94
690 213
2105 601
5041 1355
344 56
862 200
227 27
478 108
371 94
690 213
2105 601
5027 1355
214 42
412 39
214 42
422 39
12149 6760
303 0
3236 910
12149 6760
303 0
3264 910
1256 984
1515 757
2081 660
2710 1391
3109 1355
3216 1862
9289 5043
19816 9327
1007 350
259 33
1929 945
7371 3534
316 94
948 410
412 117
4686 4363
4691 4383
2111 180
2227 0
3277 1386
8270 3492
1256 984
1515 757
2081 660
2710 1391
3109 1355
3216 1862
9289 5043
19816 9327
1007 350
259 33
1929 945
7371 3534
316 94
948 410
412 117
4686 4363
4691 4383
2111 180
2227 0
3277 1386
8268 3492
296 20
487 14
296 20
460 14
296 20
460 14
296 20
453 14
682 281
772 189
682 281
769 189
743 140
772 140
6281 5877
928 537
1689 1332
1462 949
2555 2062
122945 112478
2656 2039
522 232
5862 5520
14294 13635
2652 2232
2074 1592
267 125
697 505
893 655
2446 2203
1584 1366
3882 3590
3288 3000
7876 7461
18145 17144
6281 5877
928 537
1689 1332
1462 949
2555 2062
122945 112478
2656 2039
522 232
5862 5520
14294 13635
2652 2232
2074 1592
267 125
697 505
893 655
2446 2203
1584 1366
3882 3590
3288 3000
7876 7461
18155 17144
422 24
682 0
422 24
637 0
222 20
1349 1108
735 368
222 20
1349 1108
869 368
584 54
584 54
516 18
399 18
340 28
349 28
1449 708
1130 888
1042 806
1118 888
1101 865
1092 856
1120 878
2027 1765
1095 868
937 715
1072 839
1082 852
1151 921
1107 865
1772 1520
1052 813
1149 904
1083 841
4567 4241
1961 1682
1068 847
10060 8863
1449 708
1130 888
1042 806
1118 888
1101 865
1092 856
1120 878
2027 1765
1095 868
937 715
1072 839
1082 852
1151 921
1107 865
1772 1520
1052 813
1149 904
1083 841
4567 4241
1961 1682
1068 847
10067 8863
2053 724
33992 2728
2053 724
33976 2728
847 224
667 0
1209 0
847 224
667 0
1205 0
358 111
5548 825
7718 1891
715 210
2216 1519
358 111
5548 825
7718 1891
715 210
2235 1519
629 383
4008 3725
5673 5303
508 233
282 86
471 103
629 383
4008 3725
5673 5303
508 233
282 86
531 103
1364 657
466 237
613 421
628 104
1364 657
466 237
613 421
562 104
208 0
515 70
208 0
608 70
288 0
261 50
669 144
247 50
1116 388
609 400
2528 691
9176 3182
268 50
287 50
847 0
265 50
344 51
410 0
288 0
261 50
669 144
247 50
1116 388
609 400
2528 691
9176 3182
268 50
287 50
847 0
265 50
344 51
385 0
1253 389
5221 1787
645 72
1253 389
5221 1787
574 72
408 143
1611 1164
408 143
1598 1164
799 201
795 201
428 231
3637 3301
428 231
3737 3301
803 193
701 193
255 41
428 83
255 41
440 83
316 16
303 16
346 32
350 32
551 213
543 213
2469 1666
2478 1666
345 0
333 0
510 160
645 391
314 88
170 0
231 26
1825 638
510 160
645 391
314 88
170 0
231 26
1825 638
472 120
472 120
730 195
749 195
602 97
592 97
1085 701
1127 701
501 142
786 271
539 236
328 69
812 271
1232 391
501 142
786 271
539 236
328 69
812 271
1184 391
619 455
292 0
619 455
344 0
8336 2704
8293 2704
2135 800
2128 800
719 223
101322 97777
719 223
101365 97777
743 246
535 232
4103 2292
683 246
548 167
743 246
535 232
4103 2292
683 246
500 167
555 116
557 116
3087 1226
3105 1226
482 110
515 111
482 110
516 111
755 615
400 86
490 314
597 146
863 179
755 615
400 86
490 314
597 146
875 179
468 137
175 19
1928 1295
2656 2315
273 131
832 541
1499 1302
2735 2470
3690 3433
7963490 7728941
468 137
175 19
1928 1295
2656 2315
273 131
832 541
1499 1302
2735 2470
3690 3433
7963465 7728941
182 36
702 173
182 36
708 173
316 45
349 45
570 279
2181 1790
316 45
349 45
570 279
2187 1790
2802 1486
177 27
7691 7250
6661 6043
2802 1486
177 27
7691 7250
6655 6043
279 63
1074 815
5001 2898
2050 995
279 63
1074 815
5001 2898
2050 995
9895 6668
12532 2827
314 107
365 26
478 43
1515 387
866 273
537 165
1396 590
314 31
212 29
204 44
231 29
245 29
1731 869
1151 446
382 75
362 63
542 28
10784 4624
8140 3999
1405 615
326 76
7252 840
418 264
92212 91123
1984 1757
700 525
817 635
4752 4505
605 463
1210 1069
991 831
30780 29998
1131 982
4407 4132
6552 6159
1861 1640
5853 5530
6042 5622
8842 8360
6295 6001
994 763
1506 1266
979 763
1567 1320
942 714
1543 1296
2925 2643
2348 2071
1468 1231
1907 1658
1591 1350
7825 7520
5611 5345
1080 851
1535 1286
1497 1254
1361 1115
987 757
3630 3333
979 749
1256 1020
1004 770
3638 3353
1545 1292
969 731
12656 12256
1126 884
959 728
1312 1047
1931 1663
2263 1995
1056 823
955 724
1870 1615
996 769
1043 807
2203 1938
2828 2596
3900 3612
967 741
1490 1243
946 715
949 721
2133 1861
5800 5542
949 720
1740 1483
993 753
4182 3897
12361 11854
3938 3622
8919 8492
971 742
1017 776
3406 3119
1423 1191
2570 2299
3098 2800
1835 1586
1063 830
6854 6518
1758 1503
953 721
1292 1054
2607 2342
30327 29937
983 754
15589 14909
1477 1232
1023 777
1505 1263
1633 1376
1493 1255
1463 1224
1303 1058
2062 1797
982 756
977 737
846 618
1492 1259
1985 1716
968 736
2792 2489
1206 963
921 702
2391 2142
1042 807
1444 1187
1365 1133
2623 2382
2093 1843
1042 799
2115 1853
2966 2683
986 755
1030 796
1178 934
2227 1950
1125 894
1039 816
990 755
1052 820
964 730
1084 849
1485 1234
971 737
1034 794
4468 4166
2562 2276
1065 836
2585 2310
3134 2865
18327 17829
1638 1408
1673 1441
1558 1305
1829 1578
989 746
17886 16180
1567 1328
3350 3062
1380 1150
4713 4424
967 733
848 620
934 707
931 704
3112 2827
961 727
2090 1826
960 730
6496 6123
7960 7499
1099 852
3005 2698
533 332
2768 2543
1881 1674
17838 17157
1125 932
1253 1064
513 350
4848 4512
13650 13098
14072 13432
20057 19222
101101 97731
3121 2872
936 752
2356 2122
9761 9360
879 683
1289 1085
3045 2771
4612 4284
4388 4052
2354 2138
933 731
4844 4502
1560 1329
8452 8022
28554 27506
98133 95196
2310 2074
1200 1027
2261 2028
1210 985
3569 3313
3969 3643
7874 7466
7665 7291
3880 3677
41452 40908
948 757
658 514
368 188
413 227
226 67
1445 1229
2072 1842
3160 2883
2161 1912
447 289
1977 1744
2659 2407
2353 2102
445 282
1004 793
5014 4652
2205 1960
1324 1124
2718 2452
1588 1386
27091 26122
30965 29912
28651 27636
25786 24860
26910 25947
958 769
2729 2496
3490 3214
1951 1714
7655 7246
4981 4642
1123 939
15509 14837
4402 4087
591 425
176 0
179 0
188 0
191 0
179 0
347 116
263 49
498 285
501 285
200 0
200 0
203 0
191 0
358 140
1583 1351
300 100
725 518
521 290
4085 3775
625 432
983 726
269 16
344 71
331 59
453 168
324 75
419 149
396 127
511 258
348 93
481 222
436 199
345 92
6951 6543
440 175
327 65
302 55
661 374
543 292
535 257
369 110
515 270
531 283
425 220
484 255
475 246
508 281
527 190
473 237
451 200
617 348
596 327
591 326
617 350
409 177
507 248
443 160
413 142
424 150
410 148
411 146
456 169
404 142
434 195
306 81
452 166
458 216
1166 907
490 273
205 3
658 414
388 138
2460 2199
1635 1338
873 607
315 79
439 226
1223 1009
323 133
139 0
396 188
223 21
258 41
506 283
296 73
206 0
473 240
274 57
266 0
301 54
377 0
380 0
377 0
329 103
149 0
203 0
338 116
254 49
489 285
492 285
341 132
238 48
269 71
528 285
528 285
254 31
295 84
214 21
249 41
512 298
287 73
197 0
464 240
3110 2883
409 159
747 505
1266 1018
755 480
442 174
425 148
413 148
432 164
500 144
329 0
329 0
329 0
329 0
329 0
329 0
329 0
329 0
329 0
531 171
329 0
329 0
329 0
329 0
329 0
329 0
329 0
535 179
329 0
329 0
329 0
329 0
329 0
329 0
329 0
368 0
371 0
329 112
276 41
264 41
267 41
297 41
283 30
303 41
291 41
294 41
493 283
264 28
241 48
456 251
251 25
298 84
217 21
252 41
515 298
290 73
200 0
467 240
2606 2379
412 159
750 505
762 514
758 480
445 174
428 148
416 148
435 164
503 144
332 0
332 0
332 0
332 0
332 0
332 0
332 0
332 0
534 171
332 0
332 0
332 0
332 0
332 0
332 0
538 176
332 0
332 0
332 0
332 0
371 0
374 0
332 112
279 41
267 41
270 41
300 41
286 30
306 41
294 41
297 41
496 283
322 26
642 399
304 147
